   6.1907831e-01   6.7167797e-01   2.8283565e-01
   7.7421193e-01   9.8142804e-01   4.0520136e-01
   7.6307929e-01   8.8355980e-01   3.5191818e-01
   7.5085916e-01   8.7195091e-01   1.2038731e-01
   8.3196470e-01   9.1990803e-01   2.8538185e-02
   1.4142136e+00
   7.0710678e-01
   3.5355339e-01
   1.7677670e-01
   8.8388348e-02
   4.4194174e-02
   1.1115228e+00   1.0859375e+00   1.7349542e+00
   7.2369779e-01   6.8172561e-01   1.4260869e+00
   4.2315184e-01   3.4527913e-01   1.0768823e+00
   2.4933686e-01   1.8715108e-01   8.4378210e-01
   1.4816832e-01   1.0226074e-01   7.7622945e-01
   8.3235582e-02   5.4049171e-02   7.6102560e-01
