   5.9943049e-01   6.1512514e-01   6.0987933e-01  -5.3740057e+00  -3.7828476e+00   5.2590577e-01   4.1020652e-01
   8.7354622e-01   8.0423123e-01   8.5692054e-01  -1.9205876e+01  -1.7610368e+01   8.6466879e-01   6.1331796e-01
   8.4225822e-01   5.4209331e-01   8.3426741e-01  -3.8926091e+01  -3.7419064e+01   7.9992359e-01   5.4601087e-01
   9.6160047e-01   2.3752105e-01   9.5597129e-01  -9.6141421e+01  -9.3661338e+01   9.4705061e-01   2.6406796e-01
   9.8049275e-01  -3.3339045e-01   9.7735786e-01  -2.1600922e+02  -2.1162526e+02   9.7217995e-01   4.8385884e-02
   7.0710678e-01
   3.5355339e-01
   1.7677670e-01
   8.8388348e-02
   4.4194174e-02
   2.2097087e-02
   7.2315807e-01   7.1696900e-01   7.1175625e-01   9.6841249e+00   5.6250279e+00   5.9061744e-01   5.9129795e-01
   4.7729477e-01   4.6808989e-01   4.6637936e-01   4.0160332e+02   7.7423941e+01   4.1019735e-01   4.4496096e-01
   2.6050920e-01   2.6805970e-01   2.5750195e-01   2.4285220e+08   1.5492601e+07   2.2526909e-01   2.9086724e-01
   1.4530417e-01   1.8409635e-01   1.4442455e-01   1.2684198e+20   2.8469835e+18   1.2938997e-01   1.9921827e-01
   7.4611796e-02   1.5615080e-01   7.4450048e-02   1.1084464e+49   4.4592011e+46   6.7113514e-02   1.6589633e-01
   3.7813751e-02   1.9674548e-01   3.7813854e-02  1.1748140e+114  2.2636397e+110   3.4210124e-02   1.6042468e-01
   5.0000000e-01
