   1.2345199e+00   1.2655122e+00   1.5161512e+00  -2.8172202e+00  -1.3828748e+00   1.8491208e+00   1.4427657e+00
   8.7244521e-01   8.3997669e-01   8.6210227e-01  -1.2047351e+01  -9.8917708e+00   9.0288345e-01   8.2726609e-01
   7.5610062e-01   6.9349203e-01   7.4643621e-01  -2.3157337e+01  -2.1978002e+01   7.1795451e-01   7.1627880e-01
   9.4327277e-01   6.5725165e-01   9.3841698e-01  -6.0539739e+01  -5.8783722e+01   9.1479848e-01   6.5692485e-01
   9.7049696e-01   3.3391007e-01   9.6623577e-01  -1.3678637e+02  -1.3383118e+02   9.2096371e-01   3.3870716e-01
   7.0710678e-01
   3.5355339e-01
   1.7677670e-01
   8.8388348e-02
   4.4194174e-02
   2.2097087e-02
   1.4901678e+00   1.5080246e+00   1.7782540e+00   3.0338636e+00   2.7707333e+00   2.1635683e+00   1.6450861e+00
   6.3329732e-01   6.2726535e-01   6.2170852e-01   2.1382764e+01   7.2257266e+00   6.0052318e-01   6.0516372e-01
   3.4591984e-01   3.5042342e-01   3.4203313e-01   9.0506119e+04   6.8643789e+03   3.2116985e-01   3.4106800e-01
   2.0481724e-01   2.1668618e-01   2.0387712e-01   8.4670280e+11   2.8355608e+10   1.9525804e-01   2.0759628e-01
   1.0651557e-01   1.3739748e-01   1.0638413e-01   1.4190850e+30   1.4070269e+28   1.0356837e-01   1.3166353e-01
   5.4358118e-02   1.0900886e-01   5.4451629e-02   2.1321042e+71   2.7258476e+68   5.4700267e-02   1.0411288e-01
   8.0000000e-01
