   1.2345199e+00   1.2655122e+00   1.5161512e+00
   8.7244521e-01   8.3997669e-01   8.6210227e-01
   7.5610062e-01   6.9349203e-01   7.4643621e-01
   9.4327277e-01   6.5725165e-01   9.3841698e-01
   9.7049696e-01   3.3391007e-01   9.6623577e-01
   7.0710678e-01
   3.5355339e-01
   1.7677670e-01
   8.8388348e-02
   4.4194174e-02
   2.2097087e-02
   1.4901678e+00   1.5080246e+00   1.7782540e+00
   6.3329732e-01   6.2726535e-01   6.2170852e-01
   3.4591984e-01   3.5042342e-01   3.4203313e-01
   2.0481724e-01   2.1668618e-01   2.0387712e-01
   1.0651557e-01   1.3739748e-01   1.0638413e-01
   5.4358118e-02   1.0900886e-01   5.4451629e-02
   8.0000000e-01
