   5.9943049e-01   6.1512514e-01   6.0987933e-01
   8.7354622e-01   8.0423123e-01   8.5692054e-01
   8.4225822e-01   5.4209331e-01   8.3426741e-01
   9.6160047e-01   2.3752105e-01   9.5597129e-01
   9.8049275e-01  -3.3339045e-01   9.7735786e-01
   7.0710678e-01
   3.5355339e-01
   1.7677670e-01
   8.8388348e-02
   4.4194174e-02
   2.2097087e-02
   7.2315807e-01   7.1696900e-01   7.1175625e-01
   4.7729477e-01   4.6808989e-01   4.6637936e-01
   2.6050920e-01   2.6805970e-01   2.5750195e-01
   1.4530417e-01   1.8409635e-01   1.4442455e-01
   7.4611796e-02   1.5615080e-01   7.4450048e-02
   3.7813751e-02   1.9674548e-01   3.7813854e-02
   5.0000000e-01
