   7.5582808e-01   9.3591982e-01
   8.9043788e-01   8.6878849e-01
   9.5538794e-01   8.3765759e-01
   9.8974431e-01  -1.0688769e+02
   9.9458526e-01            -Inf
   7.9945196e-01
   4.2572151e-01
   2.1199196e-01
   1.0768694e-01
   5.4410143e-02
   2.7392799e-02
   2.5986091e-01   2.9716307e-01   2.9253645e-01
   1.6139717e-01   2.1659792e-01   1.6219962e-01
   8.6749264e-02   1.6199439e-01   8.8506522e-02
   4.5418455e-02   1.4141945e-01   5.0184889e-02
   2.3109462e-02   1.3246471e-01   2.4602170e+30
   1.1677778e-02   1.3166986e-01             Inf
   1.0859931e-15   5.2008718e-01   6.2805410e-01
   2.7415317e-15   8.0245829e-01   7.6464364e-01
   5.8947941e-15   9.7257043e-01   9.6883451e-01
   1.2823548e-14   1.2247946e+00   1.3445391e+00
   2.9582406e-14   1.4381004e+00   3.3969886e+32
   7.2299471e-14   2.3525192e+00             Inf
   6.0000000e-01
