   8.5964265e-01   8.3193808e-01   8.5562186e-01
   8.7690748e-01   6.3319947e-01   8.4973281e-01
   9.5770410e-01   2.7802861e-01   9.3553099e-01
   9.7804114e-01  -2.2324090e-02   9.6182974e-01
   9.8142000e-01  -4.0028941e-02   9.7173970e-01
   7.0710678e-01
   3.5355339e-01
   1.7677670e-01
   8.8388348e-02
   4.4194174e-02
   2.2097087e-02
   6.2891507e-01   6.1113669e-01   6.1702193e-01
   3.4658821e-01   3.4332074e-01   3.4098302e-01
   1.8872886e-01   2.2135432e-01   1.8920721e-01
   9.7171893e-02   1.8255472e-01   9.8926991e-02
   4.9331116e-02   1.8540151e-01   5.0789647e-02
   2.4985272e-02   1.9061768e-01   2.5897176e-02
   2.5000000e-01
