  -2.8730330e+00   9.6590604e-01  -8.0268328e-01
  -5.3545545e-02   1.3569013e-01  -8.5524261e-02
   2.0361709e-01   2.2567903e+00   5.2860907e-01
   6.2802293e-01  -9.2104564e-02   3.7985630e-01
   7.8753751e-01  -1.4198731e+01   6.5988170e-01
   8.7965172e-01  -2.9532495e+01   9.0496200e-01
   7.0710678e-01
   3.5355339e-01
   1.7677670e-01
   8.8388348e-02
   4.4194174e-02
   2.2097087e-02
   1.1048543e-02
   4.1465243e-01   3.4794858e-01   4.2046197e-01
   2.5459838e-01   2.0966685e-01   2.5709220e-01
   1.5740629e-01   1.3334533e-01   1.5015105e-01
   8.3783737e-02   8.5824112e-02   7.5629350e-02
   4.5254158e-02   1.2605624e-01   4.0028721e-02
   2.3639439e-02   4.2913347e+00   2.0739677e-02
   1.1973280e-02   7.3401478e+04   1.0433708e-02
   5.0000000e-01
