   1.3050955e+00   1.2133522e+00   1.0264027e+00  -2.1858699e+00  -1.4031858e+00   5.6427676e-01   1.4365383e+00
   9.4662300e-01   1.0023899e+00   9.8239976e-01  -1.0487441e+01  -7.2636261e+00   1.7207453e+00   1.0486270e+00
   7.6171022e-01   7.3418958e-01   7.4171057e-01  -2.2462655e+01  -2.0644643e+01   7.5071261e-01   7.6402445e-01
   9.6797051e-01   7.4143113e-01   9.4409200e-01  -5.8965829e+01  -5.6822580e+01   9.0074064e-01   7.5503505e-01
   9.8227283e-01   3.8131740e-01   9.5082193e-01  -1.3349959e+02  -1.3023931e+02   6.6136265e-01   3.5944918e-01
   7.0710678e-01
   3.5355339e-01
   1.7677670e-01
   8.8388348e-02
   4.4194174e-02
   2.2097087e-02
   2.0985335e+00   2.0305661e+00   1.6677460e+00   3.3226092e+00   3.5840492e+00   2.0833676e+00   2.4075412e+00
   8.4926457e-01   8.7571284e-01   8.1875114e-01   1.5117907e+01   9.4792721e+00   1.4089698e+00   8.8947262e-01
   4.4063713e-01   4.3713169e-01   4.1440036e-01   2.1703312e+04   1.4566135e+03   4.2747010e-01   4.2999600e-01
   2.5988635e-01   2.6278418e-01   2.4782379e-01   1.2544662e+11   2.3878181e+09   2.5404973e-01   2.5320375e-01
   1.3286032e-01   1.5718323e-01   1.2880804e-01   7.0622334e+28   3.0430021e+26   1.3607200e-01   1.5003132e-01
   6.7251460e-02   1.2067525e-01   6.6637249e-02   1.0872350e+69   4.8892412e+65   8.6035718e-02   1.1694373e-01
   8.0000000e-01
