   8.5964265e-01   8.3193808e-01   8.5562186e-01  -1.6680423e+01  -1.4370900e+01   7.5920740e-01   4.6664997e-01
   8.7690748e-01   6.3319947e-01   8.4973281e-01  -3.4273922e+01  -3.2562932e+01   7.2491848e-01   3.3064965e-01
   9.5770410e-01   2.7802861e-01   9.3553099e-01  -8.5224524e+01  -8.2670014e+01   8.8152836e-01   2.2628695e-01
   9.7804114e-01  -2.2324090e-02   9.6182974e-01  -1.9391880e+02  -1.8954619e+02   9.3667792e-01   8.8072549e-02
   9.8142000e-01  -4.0028941e-02   9.7173970e-01            -Inf            -Inf   9.5580731e-01   3.4395203e-02
   7.0710678e-01
   3.5355339e-01
   1.7677670e-01
   8.8388348e-02
   4.4194174e-02
   2.2097087e-02
   6.2891507e-01   6.1113669e-01   6.1702193e-01   4.9549067e+01   2.8140113e+01   4.0940959e-01   4.0338111e-01
   3.4658821e-01   3.4332074e-01   3.4098302e-01   5.2040715e+06   5.9620782e+05   2.4188771e-01   2.9190391e-01
   1.8872886e-01   2.2135432e-01   1.8920721e-01   1.0809907e+17   3.7828311e+15   1.4634962e-01   2.3211566e-01
   9.7171893e-02   1.8255472e-01   9.8926991e-02   4.8860728e+42   2.9105216e+40   7.9437418e-02   1.9841993e-01
   4.9331116e-02   1.8540151e-01   5.0789647e-02  1.1596767e+101   3.3347122e+97   4.1500848e-02   1.8666926e-01
   2.4985272e-02   1.9061768e-01   2.5897176e-02             Inf             Inf   2.1395887e-02   1.8227152e-01
   2.5000000e-01
