   8.0786987e-01   8.2760612e-01   7.9586865e-01  -1.6507909e+01  -9.5917621e+00   8.1023335e-01   4.1093462e-01
   8.6395904e-01   6.1846182e-01   8.3042123e-01  -3.4209294e+01  -1.7726861e+01   7.1984420e-01   1.1145297e-01
   9.5236862e-01   8.7689209e-02   9.2745314e-01  -8.5288438e+01  -5.8576084e+01   8.8638477e-01   2.1294107e-02
   9.7599098e-01  -8.6991145e-02   9.5870689e-01  -1.9404079e+02  -1.9170519e+02   9.4531905e-01   1.1817875e-04
   9.8135844e-01  -9.3169074e-02   9.7119165e-01            -Inf            -Inf   9.6524953e-01  -1.9701245e-02
   7.0710678e-01
   3.5355339e-01
   1.7677670e-01
   8.8388348e-02
   4.4194174e-02
   2.2097087e-02
   9.8023925e-01   9.2287217e-01   9.5642454e-01   4.2952613e+01   1.0941338e+01   6.3833455e-01   5.3356191e-01
   5.5993682e-01   5.2000472e-01   5.5089696e-01   4.0028126e+06   8.4426447e+03   3.6403556e-01   4.0131110e-01
   3.0765320e-01   3.3871289e-01   3.0980518e-01   7.9503980e+16   1.8314514e+09   2.2102893e-01   3.7147577e-01
   1.5899004e-01   3.1873859e-01   1.6289114e-01   3.7563570e+42   7.8696217e+26   1.1956958e-01   3.6603307e-01
   8.0829029e-02   3.3854904e-01   8.3810403e-02  9.7021025e+100   4.0268676e+84   6.2094241e-02   3.6600309e-01
   4.0940113e-02   3.6113391e-01   4.2750393e-02             Inf             Inf   3.1804038e-02   3.7103546e-01
   2.0821723e-15   9.8734989e-01   6.7913256e-01   3.9576196e+02   2.6978104e-13   3.0000298e-01   1.3355000e+00
   4.9537141e-15   9.7385057e-01   1.5133104e+00   8.9489898e+07   7.2042221e-08   6.5456203e-01   9.8014293e-01
   1.0807404e-14   1.3095842e+00   1.7209516e+00   3.7195866e+18   7.5060217e+02   1.2107963e+00   7.8962714e-01
   2.2259128e-14   1.4561489e+00   1.6095309e+00   3.5685970e+44   6.6611917e+28   1.4076921e+00   8.0579114e-01
   4.7280687e-14   1.6082732e+00   1.5568829e+00  1.8537455e+103   7.0301624e+86   1.4617874e+00   9.3436814e-01
   9.6504707e-14   1.8083131e+00   1.5556716e+00             Inf             Inf   1.4891309e+00   1.0593396e+00
   2.5000000e-01
