<<<<<<< .mine
   1.2621896e+00   1.2952694e+00   9.4990648e-01   1.2247805e+00
   1.2049122e+00   1.1953111e+00   8.0987413e-01   1.1095041e+00
   1.1580770e+00   1.1127695e+00   7.1304348e-01   1.0400134e+00
   5.0000000e-01
   2.5000000e-01
   1.2500000e-01
   6.2500000e-02
   2.9383229e-01   2.2946894e-01   2.6926676e-01   1.7905241e-01
   1.2250183e-01   9.3499427e-02   1.3939025e-01   7.6609830e-02
   5.3140772e-02   4.0830476e-02   7.9512606e-02   3.5505078e-02
   2.3812881e-02   1.8880237e-02   4.8505224e-02   1.7266935e-02
=======
   8.7288461e-01   8.6279848e-01   5.1826218e-01   4.6697814e-02
   7.0631969e-01   6.5749580e-01   3.6899651e-01  -9.4171176e-03
   3.0785034e-01   2.7484030e-01   2.0352235e-01  -8.5898364e-03
   4.0546764e-02   5.0354647e-02   6.6925540e-02  -5.1461119e-03
  -2.1951333e-02  -5.9784620e-03   1.2973134e-02  -2.8304327e-03
   7.0710678e-01
   3.5355339e-01
   1.7677670e-01
   8.8388348e-02
   4.4194174e-02
   2.2097087e-02
   5.4927106e-01   5.3284140e-01   3.7634996e-01   3.3522796e-01
   2.9993163e-01   2.9300143e-01   2.6277220e-01   3.2455088e-01
   1.8382258e-01   1.8575640e-01   2.0347000e-01   3.2667630e-01
   1.4850007e-01   1.5353543e-01   1.7669899e-01   3.2862714e-01
   1.4438460e-01   1.4826899e-01   1.6868927e-01   3.2980145e-01
   1.4659828e-01   1.4888469e-01   1.6717917e-01   3.3044913e-01
>>>>>>> .r23856
   1.0000000e-01
