   7.2299815e-01   8.5369840e-01   7.7540735e-01  -1.0699666e+01  -8.3795811e+00   2.1208342e+00   1.0141687e+00
   7.9549663e-01   8.1392783e-01   8.3107902e-01  -2.6185531e+01  -2.4031309e+01   9.2788870e-01   6.6601129e-01
   1.0563424e+00   5.5975866e-01   9.0794116e-01  -4.8074051e+01  -4.5895371e+01   9.0568264e-01   8.4950429e-01
   9.5022986e-01   5.8705197e-01   9.3852186e-01  -1.2281005e+02  -1.1959141e+02   8.2994192e-01   4.7666963e-01
   9.7210468e-01  -1.0373166e+00   9.6660055e-01  -2.7531296e+02  -2.6985822e+02   7.3068190e-01  -7.8680737e-01
   7.0710678e-01
   3.5355339e-01
   1.7677670e-01
   8.8388348e-02
   4.4194174e-02
   2.2097087e-02
   3.4638762e-01   3.5046429e-01   4.0652967e-01   2.8845088e+00   5.4603096e+00   6.5961906e-01   4.0400401e-01
   2.0985447e-01   1.9393444e-01   2.3750424e-01   4.7972503e+03   1.8185386e+03   1.5165561e-01   2.0002786e-01
   1.2090656e-01   1.1031593e-01   1.3350319e-01   3.6611925e+11   3.1179363e+10   7.9714286e-02   1.2606691e-01
   5.8137873e-02   7.4840056e-02   7.1149874e-02   1.0848103e+26   2.0405663e+24   4.2549897e-02   6.9964033e-02
   3.0089256e-02   4.9821162e-02   3.7123670e-02   1.0112602e+63   2.0433907e+60   2.3936525e-02   5.0278577e-02
   1.5338355e-02   1.0225329e-01   1.8996568e-02  7.6264433e+145  3.5137531e+141   1.4424605e-02   8.6743232e-02
   1.5812577e-01   1.8054327e-01   1.6960280e-01   5.2094793e+00   1.0203916e+01   2.7775716e-01   1.6922973e-01
   1.2541545e-01   4.1193012e-02   1.9303170e-01   7.9632514e+03   3.0183292e+03   1.2545337e-01   1.0162582e-01
   7.8304075e-02   7.6714961e-03   1.1475141e-01   5.9028692e+11   5.0269879e+10   6.5325275e-02   6.3957531e-02
   2.9701018e-02   9.1459484e-03   5.8665035e-02   1.7356259e+26   3.2647735e+24   3.0607388e-02   1.7425427e-02
   1.5816411e-02   1.1421908e-02   3.0816478e-02   1.6148059e+63   3.2629381e+60   1.5091083e-02   1.9938234e-02
   8.1800423e-03   1.7502073e-02   1.5921696e-02  1.2172158e+146  5.6081133e+141   7.0820503e-03   1.8803404e-02
   8.0000000e-01
