   8.3193808e-01   8.3847036e-01   4.6664997e-01   8.5788966e-01
   6.3319947e-01   6.3725222e-01   3.3064965e-01   5.3722384e-01
   2.7802861e-01   1.9576063e-01   2.2628695e-01   1.3135116e-01
  -2.2324090e-02   4.2289474e-03   8.8072549e-02  -8.0651782e+00
  -4.0028941e-02  -2.9011427e-02   3.4395203e-02  -1.9989362e+01
   7.0710678e-01
   3.5355339e-01
   1.7677670e-01
   8.8388348e-02
   4.4194174e-02
   2.2097087e-02
   6.1113669e-01   6.0854796e-01   4.0338111e-01   4.6805540e-01
   3.4332074e-01   3.4032205e-01   2.9190391e-01   2.5825381e-01
   2.2135432e-01   2.1880541e-01   2.3211566e-01   1.7796158e-01
   1.8255472e-01   1.9104172e-01   1.9841993e-01   1.6247465e-01
   1.8540151e-01   1.9048255e-01   1.8666926e-01   4.3515719e+01
   1.9061768e-01   1.9435177e-01   1.8227152e-01   4.5294311e+07
   2.5000000e-01
