   1.2655122e+00   1.2056061e+00   1.4427657e+00   1.4031034e+00
   8.3997669e-01   8.5530596e-01   8.2726609e-01   9.3313489e-01
   6.9349203e-01   6.8522900e-01   7.1627880e-01   7.6098103e-01
   6.5725165e-01   5.6439307e-01   6.5692485e-01   7.4402201e-01
   3.3391007e-01   2.3779031e-01   3.3870716e-01  -7.5199993e-01
   7.0710678e-01
   3.5355339e-01
   1.7677670e-01
   8.8388348e-02
   4.4194174e-02
   2.2097087e-02
   1.5080246e+00   1.4687554e+00   1.6450861e+00   1.6737878e+00
   6.2726535e-01   6.3683350e-01   6.0516372e-01   6.3288411e-01
   3.5042342e-01   3.5200850e-01   3.4106800e-01   3.3145349e-01
   2.1668618e-01   2.1891659e-01   2.0759628e-01   1.9558902e-01
   1.3739748e-01   1.4804012e-01   1.3166353e-01   1.1678083e-01
   1.0900886e-01   1.2554442e-01   1.0411288e-01   1.9667360e-01
   8.0000000e-01
