   5.1204775e-01   5.8839290e-01   5.7540623e-01  -4.4196772e+00  -3.0866974e+00   4.7399069e-01   6.5950315e-01
   8.9512247e-01   1.0031938e+00   9.0381993e-01  -1.7892374e+01  -1.5180955e+01   8.8544659e-01   1.0165985e+00
   8.2948813e-01   5.0525218e-01   8.0951075e-01  -3.7868468e+01  -3.5908209e+01   6.8833434e-01   3.9426725e-01
   9.6509760e-01   1.3215783e-01   9.1842619e-01  -9.3508524e+01  -9.0787912e+01   3.0663969e-01   1.1485910e-01
   9.8162168e-01  -2.2405516e-01   9.0971792e-01  -2.1048177e+02  -2.0597919e+02  -1.7647632e+00  -5.4672578e-02
   7.0710678e-01
   3.5355339e-01
   1.7677670e-01
   8.8388348e-02
   4.4194174e-02
   2.2097087e-02
   8.0888137e-01   8.1634709e-01   8.1598443e-01   5.4193707e+00   4.7802229e+00   7.4565765e-01   7.5970873e-01
   5.6720898e-01   5.4293887e-01   5.4760491e-01   1.1598566e+02   4.0610342e+01   5.3685136e-01   4.8096878e-01
   3.0498915e-01   2.7086912e-01   2.9267823e-01   2.8219254e+07   1.5085495e+06   2.9060834e-01   2.3773343e-01
   1.7162620e-01   1.9083738e-01   1.6699498e-01   7.0809305e+18   9.7276420e+16   1.8034279e-01   1.8088559e-01
   8.7914447e-02   1.7413255e-01   8.8354684e-02   9.9761055e+46   2.0791816e+44   1.4581125e-01   1.6704287e-01
   4.4520771e-02   2.0338892e-01   4.7030240e-02  2.2923888e+110  2.1076980e+106   4.9549322e-01   1.7349463e-01
   5.0000000e-01
