   8.5826100e-01   9.7307885e-01   8.8635596e-01  -1.3873319e+01  -1.1902535e+01   7.3147912e-01   1.0175092e+00
   8.5333325e-01   8.1687036e-01   8.3253647e-01  -3.2981227e+01  -3.1111451e+01  -5.7621005e-01   2.8933227e-01
   9.4336274e-01   1.8748366e-01   7.5703968e-01  -8.2273641e+01  -7.9758304e+01  -2.7310715e+00  -6.5856574e-02
   9.6613121e-01  -1.1970295e-01   5.8405105e-01  -1.8773966e+02  -1.8364874e+02  -2.7703141e+00  -7.6096919e-02
   9.7179962e-01  -1.0373432e-01   3.3763815e-02            -Inf            -Inf  -4.6850347e+00  -5.1844371e-02
   7.0710678e-01
   3.5355339e-01
   1.7677670e-01
   8.8388348e-02
   4.4194174e-02
   2.2097087e-02
   6.5752714e-01   6.5478178e-01   6.6637537e-01   1.4720069e+01   9.4956476e+00   4.7305925e-01   4.6130998e-01
   3.6270319e-01   3.3355746e-01   3.6049497e-01   2.2089964e+05   3.6353375e+04   2.8491701e-01   2.2787258e-01
   2.0075782e-01   1.8935125e-01   2.0243274e-01   1.8729823e+15   8.4338246e+13   4.2479059e-01   1.8646373e-01
   1.0439795e-01   1.6627616e-01   1.1978132e-01   1.0948826e+40   8.6231590e+37   2.8203910e+00   1.9517275e-01
   5.3438901e-02   1.8066090e-01   7.9904681e-02   3.5862210e+96   1.6574740e+93   1.9242300e+01   2.0574374e-01
   2.7246874e-02   1.9412939e-01   7.8056362e-02             Inf             Inf   4.9498603e+02   2.1327176e-01
   2.5000000e-01
