   5.3718740e-01   5.2660131e-01   5.3490656e-01  -5.1791896e+00  -2.8159223e+00   5.3188537e-01   5.1880878e-01
   8.7525997e-01   7.2744185e-01   8.5626994e-01  -1.8895317e+01  -8.4579183e+00   9.0584027e-01   7.7719119e-01
   8.4835600e-01   4.9004470e-01   8.4193425e-01  -3.8998150e+01  -1.7585576e+01   8.1245320e-01   5.5251384e-01
   9.6670486e-01   2.2809071e-01   9.6049436e-01  -9.6398425e+01  -8.0932250e+01   9.5635104e-01   3.5196499e-01
   9.8314914e-01  -1.7941000e-01   9.7950973e-01  -2.1627958e+02  -2.1143799e+02   9.7784382e-01   1.0276921e-01
   7.0710678e-01
   3.5355339e-01
   1.7677670e-01
   8.8388348e-02
   4.4194174e-02
   2.2097087e-02
   1.1184509e+00   1.1009701e+00   1.0983434e+00   1.2095182e+01   6.7240179e+00   9.6429544e-01   1.0186017e+00
   7.7073913e-01   7.6428041e-01   7.5808034e-01   4.3823175e+02   4.7348470e+01   6.6695520e-01   7.1093087e-01
   4.2017277e-01   4.6160543e-01   4.1874757e-01   2.1367858e+08   1.6649188e+04   3.5596850e-01   4.1482939e-01
   2.3337122e-01   3.2866447e-01   2.3361721e-01   1.1732053e+20   3.2747567e+09   2.0269302e-01   2.8284355e-01
   1.1940985e-01   2.8060190e-01   1.2005140e-01   1.2251562e+49   7.5546400e+33   1.0445962e-01   2.2161250e-01
   6.0406373e-02   3.1775940e-01   6.0884313e-02  1.5661460e+114   3.3681429e+97   5.3038119e-02   2.0637526e-01
   3.7731958e-15   1.7500046e+00   8.4349642e-01   6.8492825e+01   5.8443127e-14   8.5311032e-01   1.5040173e+00
   6.2167686e-15   3.6593613e+00   2.0277610e+00   9.3320902e+03   1.1301261e-11   5.2418933e-01   1.5556445e+00
   9.4829661e-15   3.1975772e+00   2.0706035e+00   9.9535794e+09   6.4130731e-06   1.1361692e+00   1.2955902e+00
   1.8950566e-14   2.9451735e+00   2.0489425e+00   1.1164497e+22   9.8219024e+06   1.5740748e+00   1.3060016e+00
   3.7337819e-14   3.6061953e+00   2.0526250e+00   2.3443289e+51   1.3188035e+36   1.7638311e+00   1.5637236e+00
   7.5166981e-14   1.6244488e+01   2.0671828e+00  6.0047622e+116  1.1769587e+100   1.8318666e+00   3.9313153e+00
   5.0000000e-01
