   2.3727384e-01   6.1854257e-01   2.1184619e-01  -3.6151435e+01  -2.7463295e+01   5.2096549e-01   7.7364428e-01
   4.1215968e-01   4.6253667e-01   3.2496512e-01  -7.0651510e+01  -4.8384108e+01   8.8718922e-01   7.9634827e-01
   5.8162394e-01   4.1556370e-01   4.4234890e-01  -1.7259508e+02  -1.5241278e+02   8.6949792e-01   6.0849882e-01
   7.3247686e-01   3.2626653e-01   5.8274502e-01            -Inf            -Inf   9.2245064e-01   4.8342327e-01
   8.4636547e-01   3.1114751e-01   7.2711348e-01             NaN             NaN   9.8032154e-01   2.2526846e-01
   7.0710678e-01
   3.5355339e-01
   1.7677670e-01
   8.8388348e-02
   4.4194174e-02
   2.2097087e-02
   1.5883762e+00   1.5051562e+00   1.5541003e+00   1.5011806e+04   3.8851584e+02   1.1872676e+00   1.6725727e+00
   1.3474939e+00   9.8035127e-01   1.3418593e+00   1.1457745e+15   7.1892596e+10   8.2741304e-01   9.7835139e-01
   1.0126384e+00   7.1144987e-01   1.0712300e+00   2.1248234e+36   2.6409004e+25   4.4735448e-01   5.6333943e-01
   6.7665631e-01   5.3339282e-01   7.8835612e-01   1.9214026e+88   2.0071079e+71   2.4485380e-01   3.6948240e-01
   4.0725895e-01   4.2543298e-01   5.2637919e-01             Inf             Inf   1.2918781e-01   2.6428277e-01
   2.2651097e-01   3.4289916e-01   3.1799167e-01             NaN             NaN   6.5481005e-02   2.2607695e-01
   5.8760751e-01   1.7832093e-02   3.8064746e-01   1.4692160e+04   3.7972287e+02   4.3540578e-01   1.0256962e-01
   5.9856277e-01   6.2698826e-02   5.2881273e-01   6.8697211e+14   4.3104651e+10   3.3299783e-01   7.5483270e-02
   4.4362749e-01   3.5458767e-02   4.1793739e-01   1.2177118e+36   1.5134696e+25   1.8766107e-01   2.6275468e-02
   2.9327857e-01   4.1596354e-02   2.9785354e-01   1.0883954e+88   1.1369440e+71   1.0382762e-01   1.1843595e-02
   1.7533700e-01   1.8184585e-02   1.9344877e-01             Inf             Inf   5.4930932e-02   1.1554970e-03
   9.7126940e-02   1.1712632e-02   1.1508931e-01             NaN             NaN   2.7869125e-02   5.1752705e-03
   6.1426271e-09   6.7186024e-01   7.4808449e-01   1.5901861e+05   6.9883628e-06   4.3155577e-01   1.7045249e+00
   8.1186634e-11   1.6312414e+00   1.0060491e+00   2.5685712e+16   2.1841259e+01   9.0645716e-01   1.5941219e+00
   8.7849703e-14   2.3586020e+00   1.7304458e+00   9.8872272e+37   5.1816299e+21   1.5425446e+00   1.7835733e+00
   1.9406694e-14   2.1822193e+00   2.1342939e+00   1.8198022e+90   1.7301116e+73   1.8241808e+00   1.4485254e+00
   4.2700749e-14   2.1816956e+00   2.3296154e+00             Inf             Inf   1.9624400e+00   1.1922448e+00
   9.4659512e-14   2.2436286e+00   2.4310125e+00             NaN             NaN   2.0283773e+00   1.1319368e+00
   2.5000000e-01
