   7.0367933e-01   7.3077534e-01   7.0968946e-01  -1.4857778e+01  -1.1358251e+01   1.2533703e+00   5.3540014e-01
   6.9373006e-01   6.5293149e-01   7.7587133e-01  -4.0083936e+01  -3.7722191e+01   1.0351101e+00   4.1547472e-01
   9.0975104e-01   6.3571233e-01   9.8939640e-01  -7.9685011e+01  -7.6887528e+01   1.0274658e+00   9.5217402e-01
   8.8861987e-01  -5.5461265e-01   9.1791071e-01  -1.9404145e+02  -1.8948406e+02   9.8295886e-01  -8.7041269e-02
   9.3685454e-01  -5.0892870e+00   9.4864209e-01            -Inf            -Inf   9.8975004e-01  -2.9899561e+00
   7.0710678e-01
   3.5355339e-01
   1.7677670e-01
   8.8388348e-02
   4.4194174e-02
   2.2097087e-02
   4.1465243e-01   3.4794858e-01   4.2046197e-01   6.1741537e+01   2.4737574e+02   3.0321642e-01   3.0162341e-01
   2.5459838e-01   2.0966685e-01   2.5709220e-01   1.8332191e+06   6.4942838e+05   1.2718933e-01   2.0811028e-01
   1.5740629e-01   1.3334533e-01   1.5015105e-01   2.1363952e+18   1.4724556e+17   6.2065676e-02   1.5603542e-01
   8.3783737e-02   8.5824112e-02   7.5629350e-02   2.0761567e+42   2.0582322e+40   3.0447627e-02   8.0647377e-02
   4.5254158e-02   1.2605624e-01   4.0028721e-02  5.3648241e+100   2.2588142e+97   1.5404704e-02   8.5662803e-02
   2.3639439e-02   4.2913347e+00   2.0739677e-02             Inf             Inf   7.7572699e-03   6.8054800e-01
   3.9036264e-01   1.1645319e-01   2.9786226e-01   1.1891266e+02   4.7821530e+02   2.4904840e-01   3.2416601e-02
   2.4241599e-01   1.3899177e-01   2.2843769e-01   3.0434317e+06   1.0781527e+06   1.2459003e-01   9.1868059e-02
   1.5360415e-01   8.9055177e-02   1.4229434e-01   3.4444682e+18   2.3740114e+17   6.3740997e-02   8.6769727e-02
   7.6344714e-02   2.9096022e-02   7.0723028e-02   3.3217158e+42   3.2930377e+40   2.8934012e-02   1.0066085e-02
   4.1305651e-02   9.0384547e-03   3.7397089e-02  8.5666873e+100   3.6069318e+97   1.4640534e-02   6.2628802e-03
   2.1561479e-02   5.9135378e+00   1.9269778e-02             Inf             Inf   7.3731050e-03   4.5183313e-01
   5.0000000e-01
