  -5.1443404e-02  -1.4193773e-01  -1.5414057e-01  -3.8473214e+00  -1.1552637e+00  -1.2889837e-01  -1.6393084e-02
  -5.1584091e-02  -1.0997133e-01  -3.9270076e-02  -1.1953190e+01  -6.8122386e+00   1.0182566e-02  -7.1591634e-02
  -2.3240043e-02  -7.5894050e-02  -3.2567660e-02  -2.3280132e+01  -1.6879300e+01  -1.4515952e-02  -5.7222241e-02
   7.0710678e-01
   3.5355339e-01
   1.7677670e-01
   8.8388348e-02
   3.2603717e+00   2.7619691e+00   3.0248791e+00   2.9986152e+00   3.3621466e+00   3.3103853e+00   3.1344057e+00
   3.3787271e+00   3.0475183e+00   3.3659600e+00   4.3159845e+01   7.4883422e+00   3.6197687e+00   3.1702245e+00
   3.5017205e+00   3.2889025e+00   3.4588396e+00   1.7113887e+05   8.4153818e+02   3.5943103e+00   3.3315110e+00
   3.5585857e+00   3.4665493e+00   3.5378081e+00   1.7432787e+12   1.0144942e+08   3.6306577e+00   3.4663057e+00
   2.8883808e-15   3.4589804e+00   2.3358307e+00   1.7834660e+01   6.4834324e-15   2.9519423e+00   2.3072566e+00
   5.6623831e-15   5.4835034e+00   7.0425598e+00   9.0132295e+02   8.9746758e-13   6.6892215e+00   2.3623380e+00
   1.3385449e-14   4.6484499e+00   5.1142314e+00   7.8187587e+06   1.9846520e-08   6.1133424e+00   2.6932788e+00
   2.9477919e-14   5.2409980e+00   8.0664027e+00   1.6397056e+14   4.8394591e-01   1.0158115e+01   3.1256350e+00
   8.0000000e-01
