   4.1768549e-01   3.9146845e-01   4.7716875e-01  -1.1646997e+01  -8.7497734e+00   1.5425323e+00   7.4406145e-01
   5.5741607e-01   5.4288150e-01   5.2228913e-01  -2.6315665e+01  -1.5573743e+01   9.3779359e-01   7.6053912e-01
   9.6139490e-01   7.5227534e-01   8.0123047e-01  -4.8164341e+01  -2.6906138e+01   9.0969949e-01   9.3820809e-01
   8.7706825e-01   5.1438448e-01   8.0688364e-01  -1.2295029e+02  -1.0609490e+02   8.2495897e-01   6.6101892e-01
   9.3233156e-01  -7.4627017e-01   8.8786101e-01  -2.7552575e+02  -2.7164276e+02   7.8962635e-01  -8.6576285e-01
   7.0710678e-01
   3.5355339e-01
   1.7677670e-01
   8.8388348e-02
   4.4194174e-02
   2.2097087e-02
   1.5083513e+00   1.5419833e+00   1.5799522e+00   8.9623293e+00   3.1171380e+00   1.3979113e+00   1.4720806e+00
   1.1291890e+00   1.1755360e+00   1.1350157e+00   2.8741963e+04   1.3418386e+03   4.7987830e-01   8.7891478e-01
   7.6730437e-01   8.0688622e-01   7.9027303e-01   2.4006064e+12   6.5443132e+07   2.5051118e-01   5.1880204e-01
   3.9405693e-01   4.7902134e-01   4.5350571e-01   7.5723775e+26   8.2303564e+15   1.3334609e-01   2.7075277e-01
   2.1455326e-01   3.3535880e-01   2.5923079e-01   7.7795783e+63   7.1312783e+47   7.5273634e-02   1.7123257e-01
   1.1242822e-01   5.6254777e-01   1.4009214e-01  6.7994343e+146  4.2245938e+129   4.3545338e-02   3.1203763e-01
   4.0706583e-01   1.6129066e-02   7.2305480e-02   8.0585670e+00   2.4511980e+00   1.1876668e-01   1.7211461e-02
   3.9392495e-01   1.8037587e-01   3.7555565e-01   1.7231881e+04   8.0387703e+02   8.4709511e-02   3.6732066e-02
   2.6919378e-01   2.1379819e-01   2.6819566e-01   1.3757599e+12   3.7504704e+07   4.9207174e-02   2.6953565e-02
   1.3441801e-01   1.0591671e-01   1.5040397e-01   4.2894400e+26   4.6621579e+15   1.9457995e-02   2.7067205e-02
   7.4065545e-02   6.3954834e-02   8.6725456e-02   4.3939485e+63   4.0277851e+47   9.1040312e-03   1.8212383e-02
   3.9064379e-02   7.8291725e-03   4.7268157e-02  3.8375492e+146  2.3843287e+129   4.1112807e-03   6.2959933e-03
   8.8566331e-09   2.3804416e+00   3.3060529e+00   5.5167609e+01   1.8153548e-08   6.4324432e+00   3.3959721e+00
   1.1774057e-10   4.0629948e+00   1.9407457e+00   5.7217019e+05   8.7047456e-09   1.2969019e+00   3.1377579e+00
   1.0111587e-13   4.1150121e+00   2.5805806e+00   1.0794879e+14   2.8830764e-02   1.2345731e+00   3.1271610e+00
   1.7495163e-14   4.4441768e+00   2.6711205e+00   7.0872719e+28   1.8827201e+13   1.5006957e+00   2.7170790e+00
   3.8087604e-14   5.0367927e+00   2.7175302e+00   1.4792136e+66   1.2344237e+50   2.3389704e+00   2.6602300e+00
   7.7766943e-14   4.4832007e+01   3.1162590e+00  2.6012564e+149  1.4771040e+132   3.1023492e+00   1.3740922e+01
   8.0000000e-01
