   6.1512514e-01   5.9091360e-01   4.1020652e-01   6.3486621e-01
   8.0423123e-01   8.3826827e-01   6.1331796e-01   7.9219083e-01
   5.4209331e-01   4.3142227e-01   5.4601087e-01   4.3127982e-01
   2.3752105e-01   2.0198448e-01   2.6406796e-01   1.1893987e-01
  -3.3339045e-01   2.1780439e-02   4.8385884e-02  -7.6105478e+00
   7.0710678e-01
   3.5355339e-01
   1.7677670e-01
   8.8388348e-02
   4.4194174e-02
   2.2097087e-02
   7.1696900e-01   7.1550990e-01   5.9129795e-01   6.9527909e-01
   4.6808989e-01   4.7504301e-01   4.4496096e-01   4.4776010e-01
   2.6805970e-01   2.6569846e-01   2.9086724e-01   2.5856646e-01
   1.8409635e-01   1.9702348e-01   1.9921827e-01   1.9175382e-01
   1.5615080e-01   1.7128314e-01   1.6589633e-01   1.7657921e-01
   1.9674548e-01   1.6871669e-01   1.6042468e-01   3.4509824e+01
   5.0000000e-01
