   6.3453379e-01   6.0612358e-02   6.7514546e-01  -6.6218333e+00  -7.5069388e+00   4.5629342e-01  -1.0448248e-01
   9.5729749e-01   1.5367435e-01  -4.4208785e+00  -2.0254994e+01  -2.0924423e+01  -1.2285868e+00  -1.8545442e-01
   9.3014997e-01   6.0162017e-03   6.1202886e+00  -4.0329519e+01  -4.0896949e+01   8.8437597e-01  -3.1104896e+00
   7.8770757e-01
   4.1960231e-01
   2.1508634e-01
   1.0995955e-01
   1.0905546e+00   1.5206485e+00   1.1139811e+00   8.1054551e+00   3.4488280e+01   8.8322596e-01   2.3484471e+00
   7.3128256e-01   1.4636921e+00   7.2812713e-01   5.2484198e+02   3.8996271e+03   6.6261793e-01   2.5081850e+00
   3.8570345e-01   1.3208381e+00   1.3971944e+01   3.9676650e+08   4.6112069e+09   1.5060169e+00   2.8391157e+00
   2.0664577e-01   1.3155173e+00   2.3010596e-01   2.2374098e+20   3.8050706e+21   8.3203286e-01   2.2883222e+01
   8.0000000e-01
