   3.5189844e-01   4.4848270e-01   3.1771655e-01  -1.5526698e+01  -1.1720519e+01   1.0871392e+00   8.9697015e-01
   4.6754517e-01   1.9290755e-01   3.9676342e-01  -4.0288051e+01  -2.5415845e+01   9.9951006e-01   4.5553654e-01
   6.6401180e-01   1.9017925e-01   5.9629502e-01  -7.9847402e+01  -4.9442715e+01   1.0694883e+00   6.2915346e-01
   7.5552844e-01  -2.7781965e-01   6.9609106e-01  -1.9426823e+02  -1.9038318e+02   9.8212461e-01   8.5268631e-02
   8.5486833e-01  -4.4883262e+00   8.1823238e-01            -Inf            -Inf   9.8788844e-01  -2.4391026e+00
   7.0710678e-01
   3.5355339e-01
   1.7677670e-01
   8.8388348e-02
   4.4194174e-02
   2.2097087e-02
   1.5802321e+00   1.5343631e+00   1.5541094e+00   2.3243075e+02   2.6678585e+01   9.7628923e-01   1.6350349e+00
   1.2381946e+00   1.1244015e+00   1.2469223e+00   1.0972246e+07   9.0030693e+04   4.5953331e-01   8.7803557e-01
   8.9545501e-01   9.8367230e-01   9.4711277e-01   1.4730159e+19   4.0301607e+12   2.2984470e-01   6.4029771e-01
   5.6514033e-01   8.6218564e-01   6.2646816e-01   1.6020300e+43   3.0836325e+27   1.0951823e-01   4.1398813e-01
   3.3474923e-01   1.0452805e+00   3.8668268e-01  4.8443601e+101   6.3111908e+84   5.5441816e-02   3.9022894e-01
   1.8508813e-01   2.3461385e+01   2.1930182e-01             Inf             Inf   2.7954607e-02   2.1162283e+00
   5.7461540e-01   2.0559925e-01   3.5526920e-01   2.2645798e+02   2.5670744e+01   3.1984304e-01   1.8484776e-01
   5.2397165e-01   3.0559173e-01   4.5386783e-01   6.5786299e+06   5.3978920e+04   1.5342253e-01   1.0165330e-01
   3.7071416e-01   2.7236208e-01   3.4594085e-01   8.4416842e+18   2.3096386e+12   8.2053097e-02   1.0278792e-01
   2.2287635e-01   1.9503287e-01   2.2271424e-01   9.0748404e+42   1.7467508e+27   3.6052203e-02   9.8733890e-02
   1.3088659e-01   1.1913538e-02   1.3761992e-01  2.7361212e+101   3.5645952e+84   1.8302958e-02   1.6864620e-02
   7.2068013e-02   1.2268457e+01   7.8367514e-02             Inf             Inf   9.2347207e-03   5.0723279e-01
   6.8618058e-09   1.0605541e+00   8.6230358e-01   2.2256705e+03   1.9969821e-07   6.0569415e-01   2.8321186e+00
   9.7815594e-11   3.2184979e+00   1.5379386e+00   2.2771885e+08   1.3050201e-06   6.8282667e-01   3.4460914e+00
   9.4049822e-14   4.6474428e+00   2.3404706e+00   6.6762972e+20   1.2037386e+05   1.1650283e+00   3.6790226e+00
   1.7052272e-14   6.2488630e+00   2.5527280e+00   1.5025790e+45   1.8092249e+29   1.2577465e+00   3.2187927e+00
   3.5311885e-14   3.5663351e+01   2.4353436e+00  9.2197696e+103   1.0984380e+87   1.3272466e+00   4.2851255e+00
   7.7098027e-14   2.2290936e+03   2.3221696e+00             Inf             Inf   1.3610123e+00   6.8007685e+01
   5.0000000e-01
