   4.2608772e-01   4.0546827e-01   4.1764593e-01  -3.6414901e+01  -3.1713979e+01   6.9013350e-01   4.7057907e-01
   5.9771579e-01   5.8004792e-01   6.2975893e-01  -7.0444613e+01  -6.7519270e+01   9.4725520e-01   9.1290101e-01
   7.1846368e-01   5.5447604e-01   7.3429499e-01  -1.7247318e+02  -1.6769377e+02   8.8892188e-01   6.9548100e-01
   8.2801912e-01   4.7307849e-01   8.3013877e-01            -Inf            -Inf   9.3254871e-01   6.1833961e-01
   9.0970505e-01   5.6908932e-01   9.0540987e-01             NaN             NaN   9.8522070e-01   4.7130449e-01
   7.0710678e-01
   3.5355339e-01
   1.7677670e-01
   8.8388348e-02
   4.4194174e-02
   2.2097087e-02
   4.3383839e-01   3.7693254e-01   4.3157140e-01   1.5777901e+03   1.0353016e+04   3.5387682e-01   3.2399788e-01
   3.2289610e-01   2.8458075e-01   3.2309386e-01   1.4455291e+14   3.6469163e+13   2.1933161e-01   2.3382113e-01
   2.1336954e-01   1.9036789e-01   2.0881052e-01   2.3225671e+35   7.7134995e+33   1.1374937e-01   1.2418615e-01
   1.2967412e-01   1.2962231e-01   1.2551845e-01   1.9300490e+87   2.3340227e+84   6.1426653e-02   7.6685371e-02
   7.3045708e-02   9.3383244e-02   7.0601005e-02             Inf             Inf   3.2183385e-02   4.9954401e-02
   3.8881785e-02   6.2944241e-02   3.7692536e-02             NaN             NaN   1.6257387e-02   3.6032713e-02
   4.2517117e-01   7.5361888e-02   3.3436401e-01   3.0522171e+03   2.0032198e+04   3.1402127e-01   1.5561983e-01
   3.4867822e-01   1.1237222e-01   3.1891098e-01   2.3998061e+14   6.0544557e+13   2.4178011e-01   1.0233119e-01
   2.3191755e-01   7.8474387e-02   2.1292716e-01   3.7446296e+35   1.2436325e+34   1.3004880e-01   5.2752910e-02
   1.4105301e-01   7.2990405e-02   1.2858588e-01   3.0879529e+87   3.7342846e+84   7.0494393e-02   2.9256838e-02
   7.9296989e-02   3.5045688e-02   7.1784744e-02             Inf             Inf   3.6905906e-02   1.1417282e-02
   4.2119091e-02   2.0354582e-02   3.7916057e-02             NaN             NaN   1.8647540e-02   4.0110852e-03
   2.5000000e-01
