   5.3135687e-01   7.6627466e-01   8.7565218e-01  -4.0268622e+01  -4.0379329e+01   7.0836948e-01  -8.9176571e-02
   2.4204687e-01   4.2274945e-01   8.9341441e-01  -9.4458327e+01  -9.3517080e+01   7.4830841e-01  -9.4509548e-02
   6.5267486e-02   5.1200111e-02   9.1853652e-01  -2.1106546e+02  -2.0838824e+02   8.5201574e-01  -7.4154915e-02
   3.4322059e-03  -4.8613103e-02   9.4210109e-01            -Inf            -Inf   9.1143552e-01  -3.9699606e-02
  -7.8716392e-03  -4.2089836e-02   9.6228698e-01             NaN             NaN   9.3980316e-01  -2.0541280e-02
   7.0710678e-01
   3.5355339e-01
   1.7677670e-01
   8.8388348e-02
   4.4194174e-02
   2.2097087e-02
   5.7239107e-01   5.4984510e-01   5.4290832e-01   2.3984676e+05   8.2854996e+05   3.2653570e-01   5.3796850e-01
   3.9603949e-01   3.2327246e-01   2.9588907e-01   3.1768528e+17   1.1849715e+18   1.9984358e-01   5.7227090e-01
   3.3486914e-01   2.4116176e-01   1.5928849e-01   8.6454331e+45   1.6793998e+46   1.1896712e-01   6.1101500e-01
   3.2005724e-01   2.3275320e-01   8.4270844e-02  2.9773008e+109  9.0420406e+108   6.5908988e-02   6.4324250e-01
   3.1929672e-01   2.4072970e-01   4.3860811e-02             Inf             Inf   3.5040897e-02   6.6118882e-01
   3.2104363e-01   2.4785631e-01   2.2511240e-02             NaN             NaN   1.8266960e-02   6.7067025e-01
   1.0000000e-01
